-1.701916249264908476e+00
-4.337460954052906992e+00
2.287563447068082234e-01
1.149991077415654095e+00
2.263716198446158456e-02
-1.085558004328275983e+00
-4.528779185662737405e-02
3.856802906586517810e-02
1.063876668611259124e-01
-8.128220091608655273e-02
8.410345797435029094e-03
4.299082426628660081e-02
-8.989156842749770893e-03
-3.199302223726135930e-03
-1.085551228612841701e+00
-2.236364500710127601e+00
1.693588687740835708e-01
-1.989380722613353913e-01
-1.123465487144148289e+00
-1.667914250786930175e-01
2.189741435126776048e-01
-3.287408600971601369e-01
2.807252162657397632e-02
3.473981295650938744e-02
4.988116062918311611e-02
-5.875132030466599653e-02
3.441735206606497122e-03
2.494510151163253919e-03
